Draince  (531,1253)  (495,1264)  (495,1228)  (566,1289)  (567,1246)  (459,1256) 
South Russia  (390,461)  (354,496)  (354,460)  (401,497)  (390,425)  (426,425)  (426,461)  (352,424)  (462,443) 
Mekt  (210,886)  (245,922) 
Pomville  (502,1577)  (466,1569)  (502,1541)  (538,1559)  (538,1595)  (457,1533)  (574,1587) 
Donger  (895,293)  (893,329)  (879,257)  (931,289)  (967,289)  (885,218)  (1003,288)  (1039,281)  (1075,292) 
Densig  (1405,563)  (1369,598)  (1369,562)  (1431,527)  (1441,563) 
Biopolis  (1681,460)  (1645,478)  (1645,442)  (1716,496)  (1717,429)  (1609,467)  (1609,431) 
Dint  (2488,690)  (2452,721)  (2452,685)  (2523,726)  (2524,671)  (2559,707) 
sz 18  (2370,2135)  (2334,2164)  (2334,2128)  (2370,2099)  (2406,2099)  (2406,2135)  (2298,2164)  (2298,2128)  (2442,2098)  (2442,2134)  (2262,2164)  (2262,2128)  (2478,2096)  (2478,2132)  (2238,2092)  (2226,2164)  (2226,2128) 
Slenk  (688,1866)  (652,1901)  (714,1902)  (724,1841)  (616,1917)  (616,1881)  (760,1836)  (580,1926) 
sz 19  (2022,2118)  (1986,2153)  (1986,2117)  (2057,2154)  (2022,2082)  (2058,2082)  (2058,2118)  (1984,2081)  (1950,2164)  (1950,2128)  (2093,2154)  (2094,2063)  (2094,2099)  (1948,2092)  (1914,2164)  (1914,2128)  (2129,2135)  (2130,2065)  (1912,2092)  (2165,2101)  (2165,2137) 
Ponin  (1109,1916)  (1073,1951)  (1107,1880)  (1143,1880)  (1145,1916)  (1037,1943) 
Puzkel  (524,1698)  (488,1703)  (507,1662)  (543,1662)  (560,1698)  (563,1734) 
sz 25  (88,2013)  (52,2048)  (52,2012)  (123,2049)  (88,1977)  (124,1977)  (124,2013)  (50,1976)  (87,2084)  (51,2084)  (16,2048)  (16,2012)  (159,2049)  (159,2085)  (123,2085)  (15,2085)  (86,1941)  (122,1941)  (14,1976)  (14,1940)  (50,1940)  (87,2120)  (51,2120)  (195,2076)  (195,2112)  (159,2121)  (123,2121)  (15,2121)  (86,1905)  (122,1905)  (0,1904)  (36,1904)  (158,1881)  (194,1881)  (215,2148)  (87,2156)  (51,2156)  (179,2157)  (143,2157)  (15,2157)  (72,1869)  (108,1869)  (0,1868)  (36,1868)  (144,1845)  (180,1845)  (72,1833)  (108,1833)  (0,1832)  (36,1832)  (144,1809)  (180,1809) 
Clitopolis  (2522,315)  (2486,333)  (2486,297)  (2522,279)  (2558,279) 
sz 26  (125,1656)  (89,1691)  (89,1655)  (160,1692)  (125,1620)  (161,1620)  (161,1656)  (87,1619)  (124,1727)  (88,1727)  (53,1691)  (53,1655)  (196,1692)  (196,1728)  (160,1728)  (52,1728)  (123,1584)  (159,1584)  (195,1584)  (197,1620)  (197,1656)  (51,1619)  (51,1583)  (87,1583)  (231,1561)  (17,1692)  (17,1656)  (232,1692)  (232,1728)  (16,1755)  (123,1548)  (159,1548)  (195,1548)  (233,1597)  (233,1633)  (15,1620)  (15,1584)  (15,1548)  (51,1547)  (87,1547)  (268,1669)  (268,1705)  (269,1604)  (304,1646)  (304,1682) 
sz 27  (61,1410)  (25,1445)  (25,1409)  (96,1446)  (61,1374)  (97,1374)  (97,1410)  (23,1373)  (60,1481)  (24,1481)  (132,1446)  (132,1482)  (96,1482)  (59,1338)  (95,1338)  (0,1337)  (168,1477)  (36,1302)  (0,1301)  (204,1493) 
sz 28  (70,1146)  (34,1181)  (34,1145)  (105,1182)  (70,1110)  (106,1110)  (106,1146)  (32,1109)  (69,1217)  (33,1217)  (142,1116)  (142,1152)  (59,1253)  (23,1253)  (178,1119)  (178,1155)  (214,1117)  (214,1153)  (250,1130)  (250,1166)  (286,1153) 
Mikkra  (1247,571)  (1211,606)  (1211,570)  (1247,535)  (1283,568)  (1209,534)  (1302,604) 
sz 21  (1429,2027)  (1393,2062)  (1393,2026)  (1464,2063)  (1429,1991)  (1465,1991)  (1465,2027)  (1391,1990)  (1428,2098)  (1392,2098)  (1357,2062)  (1357,2026)  (1500,2063)  (1500,2099)  (1464,2099)  (1356,2099)  (1427,1955)  (1463,1955)  (1499,1955)  (1501,1991)  (1501,2027)  (1355,1990)  (1355,1954)  (1391,1954)  (1428,2134)  (1392,2134)  (1321,2063)  (1321,2027)  (1534,2135)  (1498,2135)  (1356,2135)  (1320,2135)  (1320,2099)  (1427,1919)  (1463,1919)  (1499,1919)  (1319,1991)  (1319,1955)  (1393,1883)  (1429,1883)  (1465,1883)  (1501,1883)  (1393,1847)  (1429,1847)  (1465,1847)  (1402,1811)  (1438,1811)  (1474,1811) 
Derry  (1888,1793)  (1852,1828)  (1852,1792)  (1923,1829)  (1888,1757)  (1924,1757)  (1924,1793)  (1887,1864)  (1883,1721) 
sz 22  (1096,2102)  (1060,2137)  (1060,2101)  (1131,2138)  (1096,2066)  (1132,2066)  (1132,2102)  (1058,2065)  (1024,2164)  (1024,2128)  (1167,2138)  (1094,2030)  (1130,2030)  (1166,2030)  (1168,2066)  (1168,2102)  (1022,2092)  (1202,1996)  (988,2164)  (988,2128)  (1203,2138)  (1117,1994)  (1153,1994)  (1204,2032)  (1204,2068)  (986,2092)  (1238,1983)  (952,2164)  (952,2128)  (1239,2104)  (1239,2140)  (1240,2019)  (1240,2055)  (950,2092) 
sz 23  (730,2033)  (694,2068)  (694,2032)  (753,2069)  (730,1997)  (766,1997)  (766,2033)  (692,1996)  (717,2104)  (681,2104)  (658,2068)  (658,2032)  (728,1961)  (764,1961)  (800,1961)  (802,1997)  (656,1996)  (753,2115)  (645,2117)  (814,2118)  (836,1927)  (717,2140)  (681,2140)  (622,2081)  (622,2045)  (765,1925)  (838,1963)  (778,2151)  (645,2153)  (850,2096)  (850,2132)  (814,2154)  (801,1891)  (837,1891)  (873,1890)  (834,1855)  (870,1854)  (913,1811) 
sz 24  (397,2085)  (361,2120)  (361,2084)  (432,2121)  (397,2049)  (433,2049)  (433,2085)  (359,2048)  (396,2156)  (360,2156)  (325,2120)  (325,2084)  (468,2121)  (468,2157)  (432,2157)  (324,2157)  (395,2013)  (431,2013)  (467,2013)  (469,2049)  (469,2085)  (323,2048)  (335,2012)  (503,1979)  (289,2121)  (289,2085)  (504,2121)  (504,2157)  (288,2164)  (413,1977)  (449,1977)  (505,2015)  (505,2051)  (539,1974)  (540,2087)  (540,2123)  (540,2159)  (541,2010)  (541,2046)  (576,2082)  (576,2118)  (576,2154)  (577,1975)  (577,2011) 
West Russia  (245,266)  (209,301)  (209,265)  (257,302)  (245,230)  (281,230)  (281,266)  (173,277)  (317,226)  (317,262)  (353,231) 
Ritnik  (559,760)  (523,783)  (595,728)  (595,764)  (631,727)  (631,763) 
Twenkbert  (1296,1735)  (1260,1737)  (1260,1701)  (1331,1771)  (1332,1733)  (1295,1773)  (1368,1748) 
Frokbert  (947,513)  (911,548)  (911,512)  (982,549)  (947,477)  (983,477)  (983,513)  (909,476)  (875,541)  (1019,463)  (1019,499)  (873,505) 
Oumik  (238,1370)  (202,1405)  (202,1369)  (273,1406)  (238,1334)  (274,1334)  (274,1370)  (201,1333)  (235,1441)  (166,1369)  (273,1298) 
sz 20  (1698,2093)  (1662,2128)  (1662,2092)  (1733,2129)  (1698,2057)  (1734,2057)  (1734,2093)  (1660,2056)  (1697,2164)  (1661,2164)  (1626,2128)  (1626,2092)  (1769,2129)  (1625,2164)  (1696,2021)  (1770,2048)  (1770,2084)  (1624,2056)  (1624,2020)  (1660,2020)  (1590,2128)  (1590,2092)  (1805,2120)  (1805,2156)  (1589,2164)  (1696,1985)  (1806,2059)  (1588,2056)  (1588,2020)  (1588,1984)  (1624,1984)  (1660,1984)  (1841,2095)  (1841,2131)  (1576,1948)  (1612,1948)  (1648,1948)  (1576,1912)  (1612,1912) 
Flatsville  (692,1629)  (656,1664)  (716,1665)  (728,1619)  (752,1655)  (620,1674)  (764,1619) 
North Russia  (456,233)  (420,245)  (420,209)  (491,269)  (456,197)  (492,229) 
Ghoast  (756,771)  (720,806)  (720,770)  (791,807)  (792,761)  (694,734)  (684,802)  (827,804) 
Chonkille  (1013,1646)  (977,1681)  (977,1645)  (1048,1682)  (1049,1619)  (1012,1717)  (976,1717)  (941,1681)  (941,1645)  (940,1718)  (988,1753) 
Petrof  (280,624)  (244,659)  (244,623)  (313,660)  (280,588)  (316,617)  (242,587)  (352,643) 
Sinai  (1338,1122)  (1302,1089)  (1366,1158)  (1330,1158)  (1338,1086)  (1374,1086)  (1374,1122)  (1295,1053)  (1358,1194)  (1331,1050)  (1367,1050)  (1403,1048) 
Renga  (1828,666)  (1792,687)  (1792,651)  (1864,646)  (1864,682) 
Tzeba  (1647,696)  (1611,716)  (1611,680)  (1683,674)  (1683,710)  (1575,700)  (1719,711) 
Kernar  (193,149)  (157,184)  (157,148)  (228,185)  (193,113)  (229,113)  (229,149)  (121,181) 
East Russia  (560,401)  (524,418)  (524,382)  (595,437)  (596,384)  (504,346)  (488,391)  (631,430) 
Ukraine  (599,552)  (563,568)  (563,532)  (634,588)  (599,516)  (635,541)  (542,496)  (527,558)  (506,522)  (470,550) 
Newfield  (374,1604)  (338,1601)  (401,1640)  (365,1640)  (374,1568)  (410,1589)  (334,1565)  (437,1625) 
Herfbert  (958,862)  (922,894)  (922,858)  (980,898)  (994,827) 
Gadonk  (289,841)  (253,833)  (324,877)  (288,877)  (289,805)  (325,805)  (325,841)  (217,810) 
sz 29  (55,872)  (19,907)  (19,871)  (90,908)  (55,836)  (91,836)  (91,872)  (17,835)  (54,943)  (18,943)  (53,800)  (89,800)  (125,800)  (0,799)  (72,979)  (36,979)  (0,979)  (36,764)  (72,764)  (0,763)  (78,1015)  (42,1015)  (6,1015)  (36,728)  (72,728)  (120,1028) 
Southumberland  (2242,1967)  (2206,2002)  (2206,1966)  (2277,2003)  (2242,1931)  (2278,1931)  (2278,1967)  (2241,2038)  (2205,2038)  (2170,2002)  (2170,1966)  (2313,2026)  (2277,2039)  (2280,1895)  (2314,1931)  (2316,1893)  (2349,2049)  (2350,1929)  (2300,1857) 
sz 36  (895,1247)  (859,1282)  (859,1246)  (930,1283)  (895,1211)  (931,1211)  (931,1247)  (857,1210)  (894,1318)  (858,1318)  (823,1282)  (823,1246)  (966,1283)  (966,1319)  (930,1319)  (822,1319)  (967,1188)  (967,1224)  (821,1210)  (787,1283)  (787,1247)  (1002,1260)  (1002,1296)  (786,1322)  (1003,1175)  (1003,1211)  (751,1286)  (751,1250)  (715,1305)  (715,1269)  (679,1276) 
sz 37  (1179,1250)  (1143,1285)  (1143,1249)  (1214,1286)  (1179,1214)  (1215,1214)  (1215,1250)  (1141,1213)  (1178,1321)  (1142,1321)  (1107,1285)  (1107,1249)  (1250,1286)  (1250,1322)  (1214,1322)  (1106,1322)  (1177,1178)  (1213,1178)  (1249,1178)  (1251,1214)  (1251,1250)  (1105,1213)  (1105,1177)  (1141,1177)  (1178,1357)  (1142,1357)  (1071,1286)  (1071,1250)  (1286,1286)  (1286,1322)  (1282,1358)  (1246,1358)  (1287,1218)  (1069,1214)  (1069,1178) 
sz 38  (1543,1139)  (1507,1174)  (1507,1138)  (1578,1175)  (1543,1103)  (1579,1103)  (1579,1139)  (1505,1102)  (1542,1210)  (1506,1210)  (1471,1174)  (1471,1138)  (1614,1175)  (1614,1211)  (1578,1211)  (1470,1211)  (1615,1071)  (1615,1107)  (1469,1102)  (1542,1246)  (1506,1246)  (1435,1175)  (1435,1139)  (1580,1247)  (1470,1247)  (1434,1247)  (1434,1211)  (1433,1103)  (1398,1260) 
sz 39  (1783,1116)  (1747,1151)  (1747,1115)  (1818,1152)  (1783,1080)  (1819,1080)  (1819,1116)  (1745,1079)  (1782,1187)  (1746,1187)  (1711,1151)  (1711,1115)  (1827,1188)  (1710,1188)  (1781,1044)  (1817,1044)  (1709,1079)  (1709,1043)  (1745,1043)  (1791,1223)  (1755,1223)  (1827,1224)  (1781,1008)  (1817,1008)  (1680,1007)  (1716,1007)  (1791,1259)  (1827,1260) 
Szymy  (770,407)  (734,431)  (734,395)  (805,443)  (770,371)  (806,371)  (806,407)  (698,418)  (842,366)  (842,402)  (842,438) 
sz 32  (1443,642)  (1407,677)  (1478,678)  (1479,619)  (1371,685)  (1515,607)  (1515,643)  (1335,685)  (1551,602)  (1299,685)  (1587,601)  (1263,685)  (1623,616)  (1227,685) 
Suffolk  (1768,1904)  (1732,1932)  (1732,1896)  (1803,1940)  (1768,1868)  (1804,1875)  (1729,1860)  (1767,1968)  (1839,1918)  (1765,1832) 
sz 33  (1311,816)  (1275,851)  (1275,815)  (1346,852)  (1311,780)  (1347,780)  (1347,816)  (1273,779)  (1257,887)  (1239,851)  (1239,815)  (1309,744)  (1345,744)  (1381,744)  (1383,780)  (1383,816)  (1237,779)  (1237,743)  (1273,743)  (1221,901)  (1417,727)  (1203,865)  (1203,829)  (1419,763)  (1217,937)  (1185,901)  (1181,939)  (1453,727)  (1455,763)  (1489,727)  (1491,763)  (1527,736)  (1527,772) 
Theod  (1842,898)  (1806,933)  (1877,934)  (1841,862) 
Platzberg  (382,989)  (346,1024)  (346,988)  (418,967)  (418,1003)  (344,952)  (310,1004)  (454,952)  (454,988)  (308,968) 
sz 34  (935,1009)  (899,1041)  (970,1045)  (900,973)  (936,973)  (971,1009)  (864,941)  (1006,1045)  (1006,1081)  (970,1081)  (830,905)  (866,905)  (1027,1117)  (991,1117)  (794,931)  (794,895)  (830,869)  (772,859)  (758,924) 
sz 35  (1176,1062)  (1140,1097)  (1140,1061)  (1211,1098)  (1176,1026)  (1212,1026)  (1212,1062)  (1138,1025)  (1175,1133)  (1139,1133)  (1104,1097)  (1104,1061)  (1247,1098)  (1103,1133)  (1174,990)  (1210,990)  (1102,1025) 
London  (1725,1637)  (1689,1651)  (1735,1673)  (1719,1601)  (1761,1634) 
Waifu  (2398,210)  (2362,243)  (2362,207)  (2433,246)  (2424,174)  (2434,210)  (2460,157)  (2326,233)  (2470,193)  (2470,229) 
sz 30  (94,507)  (58,542)  (58,506)  (129,543)  (94,471)  (130,471)  (130,507)  (56,470)  (93,578)  (57,578)  (22,542)  (22,506)  (143,579)  (21,579)  (92,435)  (128,435)  (164,435)  (166,471)  (166,507)  (20,470)  (20,434)  (56,434)  (200,407)  (105,614)  (69,614)  (33,615)  (202,443)  (202,479)  (202,515)  (99,650)  (63,651)  (27,651)  (238,434)  (238,470)  (238,506)  (274,478)  (274,514) 
Wessex  (1595,1794)  (1559,1829)  (1559,1793)  (1630,1830)  (1595,1758)  (1631,1777)  (1557,1757)  (1523,1809)  (1666,1813)  (1666,1849)  (1564,1721) 
sz 31  (991,729)  (955,764)  (955,728)  (1026,765)  (919,797)  (919,761)  (1062,733)  (1062,769)  (883,791)  (883,755)  (1098,730)  (1098,766)  (1114,684)  (847,746)  (1134,720)  (1134,756)  (1150,663)  (1170,699)  (1170,735)  (1170,771)  (804,696) 
Jankum  (313,1784)  (277,1819)  (348,1820)  (333,1748)  (349,1784)  (369,1728)  (365,1692)  (401,1692) 
Centa  (2434,1098)  (2398,1133)  (2398,1097)  (2469,1134)  (2434,1062)  (2470,1062)  (2470,1098)  (2362,1157)  (2362,1121)  (2506,1053)  (2506,1089) 
Harbor Downs  (652,1356)  (616,1366)  (616,1330)  (687,1392)  (688,1350) 
Oklahoma  (709,1751)  (673,1786)  (673,1750)  (739,1787)  (709,1715)  (745,1715)  (745,1751)  (637,1813)  (637,1777)  (637,1741)  (781,1705)  (781,1741)  (781,1777)  (817,1794) 
Eastra  (2539,960)  (2503,995)  (2503,959)  (2539,924)  (2575,924)  (2575,960)  (2501,923)  (2605,996)  (2467,1007)  (2467,971)  (2611,937)  (2431,1001)  (2431,965) 
Slexual  (1162,1656)  (1126,1691)  (1126,1655)  (1193,1692)  (1162,1620)  (1198,1621)  (1124,1619)  (1148,1727)  (1112,1727)  (1234,1621) 
Moscow  (403,321)  (429,357)  (393,357)  (439,311) 
Jawn  (546,177)  (510,166)  (575,213) 
Dbrak  (1520,995)  (1484,1030)  (1484,994)  (1555,1031)  (1534,959)  (1556,995) 
Northex  (1662,1513)  (1626,1548)  (1626,1512)  (1697,1549)  (1624,1476)  (1590,1542)  (1733,1542)  (1769,1560) 
Tertle  (913,1994)  (877,2029)  (948,2030)  (899,1958)  (935,1958)  (949,1994)  (985,1980)  (985,2016) 
Marksberg  (2184,368)  (2148,403)  (2148,367)  (2198,404)  (2184,332)  (2220,332)  (2220,368)  (2112,406)  (2112,370)  (2112,334)  (2256,335)  (2256,371)  (2292,337) 
Grao  (2237,273)  (2201,285)  (2273,268)  (2165,288)  (2309,283) 
Freepton  (2042,274)  (2006,304)  (2006,268)  (2078,269)  (2114,269) 
Pawnt  (673,903)  (637,938)  (637,902)  (694,939)  (673,867)  (635,866)  (658,974) 
sz 40  (1947,1093)  (1911,1128)  (1911,1092)  (1982,1129)  (1947,1057)  (1983,1057)  (1983,1093)  (1909,1056)  (1946,1164)  (1910,1164)  (1875,1128)  (1875,1092)  (1988,1165)  (1874,1165)  (2019,1097)  (1873,1056)  (1873,1020)  (1909,1020)  (1952,1200)  (1916,1200)  (1880,1201)  (1955,1236)  (1919,1236)  (1883,1237)  (1967,1272)  (1931,1272)  (1895,1273) 
sz 41  (1929,1394)  (1893,1429)  (1893,1393)  (1964,1430)  (1929,1358)  (1965,1358)  (1965,1394)  (1891,1357)  (1857,1413)  (2000,1430)  (2000,1466)  (2001,1335)  (2001,1371)  (1855,1377)  (1855,1341)  (2036,1407)  (2036,1443)  (2037,1362)  (1819,1385)  (1819,1349) 
Caspik  (724,639)  (688,674)  (688,638)  (736,675)  (760,622)  (701,602) 
Grodnik  (634,310)  (598,323)  (598,287)  (665,346)  (670,309) 
Murmansk  (184,705)  (148,727)  (148,691)  (219,741)  (184,669)  (147,655)  (255,722) 
Larpp  (2265,1197)  (2229,1232)  (2229,1196)  (2300,1233)  (2265,1161)  (2301,1161)  (2301,1197)  (2227,1160)  (2337,1201)  (2207,1124) 
Portochang  (468,1829)  (432,1864)  (432,1828)  (503,1865)  (468,1793)  (504,1793)  (504,1829)  (430,1792)  (467,1900)  (431,1900)  (539,1865)  (512,1901)  (395,1901)  (540,1785)  (540,1821)  (427,1756) 
Tippe  (2045,1993)  (2009,2023)  (2009,1987)  (2081,1983)  (2081,2019) 
Yain  (727,1116)  (691,1137)  (691,1101)  (762,1152)  (763,1113) 
Bimbledock  (1335,1457)  (1299,1470)  (1299,1434)  (1370,1493)  (1335,1421)  (1371,1457)  (1263,1462)  (1406,1493)  (1395,1529)  (1227,1458)  (1442,1504) 
Slavbert  (1956,390)  (1920,425)  (1992,364)  (1992,400)  (2028,347)  (2028,383) 
Werke  (1790,778)  (1754,813)  (1754,777)  (1809,814)  (1790,742)  (1826,742)  (1826,778)  (1773,849) 
Vergen  (443,1444)  (454,1480)  (437,1408)  (479,1428) 
Arifice  (1345,1629)  (1309,1652)  (1380,1665)  (1381,1599)  (1402,1701)  (1417,1579)  (1417,1615) 
Noep  (1176,474)  (1140,491)  (1212,455)  (1104,504)  (1104,468)  (1248,446)  (1248,482) 
Arkangsk  (418,712)  (382,747)  (382,711)  (443,748)  (424,676)  (454,712)  (460,670)  (346,760)  (346,724) 
Therak  (1520,404)  (1484,439)  (1484,403)  (1554,440)  (1534,368)  (1556,404)  (1570,362)  (1448,441)  (1448,405) 
Trangle  (1273,1547)  (1237,1578)  (1237,1542)  (1309,1542)  (1231,1506) 
Domita  (2014,468)  (1978,502)  (1978,466)  (2050,440) 
Tran  (2166,843)  (2130,857)  (2130,821)  (2201,879)  (2166,807)  (2202,807)  (2202,843) 
Stankton  (1501,1652)  (1465,1687)  (1465,1651)  (1519,1688)  (1501,1616)  (1537,1616)  (1537,1652)  (1483,1723)  (1447,1723)  (1470,1580)  (1506,1580)  (1542,1580)  (1484,1544) 
Mutta  (1538,528)  (1502,536)  (1502,500)  (1574,511)  (1574,547) 
Suttax  (1052,930)  (1016,960)  (1087,966) 
Braunker  (547,895)  (511,930)  (582,931)  (516,859)  (552,859)  (583,895)  (588,845) 
Ferg  (1929,766)  (1893,797)  (1893,761)  (1933,802)  (1929,730)  (1965,734)  (1969,770) 
Chesend  (1522,866)  (1547,902)  (1511,902)  (1489,830)  (1525,830) 
Prain  (386,1342)  (350,1377)  (350,1341)  (386,1306)  (422,1306)  (422,1342)  (348,1305)  (458,1308)  (458,1344) 
Judic  (1310,962)  (1274,970)  (1274,934)  (1345,998)  (1310,926) 
Dubain  (889,653)  (853,676)  (853,640)  (889,617)  (925,621)  (925,657)  (839,604) 
Yara  (1661,918)  (1625,953)  (1625,917)  (1697,887)  (1697,923)  (1733,905)  (1733,941) 
Octagone  (876,1669)  (840,1703)  (840,1667)  (898,1705)  (876,1633)  (838,1631)  (862,1739)  (898,1741) 
Uralsk  (744,507)  (708,542)  (708,506)  (779,543)  (780,499)  (672,496) 
Horn  (2551,159)  (2554,195) 
Eastern Elderbutte  (2227,1695)  (2191,1730)  (2191,1694)  (2262,1731)  (2227,1659)  (2263,1673)  (2189,1658)  (2226,1766)  (2298,1724)  (2295,1767)  (2225,1623)  (2173,1622) 
Frakesville  (903,1443)  (867,1478)  (867,1442)  (929,1479)  (903,1407)  (865,1406)  (929,1515) 
sz 7  (1843,92)  (1807,127)  (1807,91)  (1878,128)  (1843,56)  (1879,56)  (1879,92)  (1805,55)  (1842,163)  (1806,163)  (1771,127)  (1771,91)  (1914,128)  (1914,164)  (1878,164)  (1770,164)  (1841,20)  (1877,20)  (1913,20)  (1915,56)  (1915,92)  (1769,55)  (1769,19)  (1805,19)  (1949,0)  (1842,199)  (1806,199)  (1735,128)  (1735,92)  (1950,128)  (1950,164)  (1892,200)  (1770,200)  (1734,200)  (1734,164)  (1951,36)  (1951,72)  (1733,56)  (1733,20)  (1985,0)  (1699,128)  (1699,92)  (1986,108)  (1986,144)  (1986,180)  (1800,236)  (1764,236)  (1728,236)  (1698,200)  (1698,164)  (1987,36)  (1987,72) 
Plopp  (1978,1562)  (1942,1569)  (1942,1533)  (2006,1598)  (2009,1526)  (2014,1562)  (1970,1605)  (1906,1537) 
sz 8  (2185,86)  (2149,121)  (2149,85)  (2220,122)  (2185,50)  (2221,50)  (2221,86)  (2147,49)  (2184,157)  (2148,157)  (2113,121)  (2113,85)  (2256,122)  (2256,158)  (2220,158)  (2112,158)  (2183,14)  (2219,14)  (2255,14)  (2257,50)  (2257,86)  (2111,49)  (2111,13)  (2147,13)  (2291,0)  (2184,193)  (2148,193)  (2077,122)  (2077,86)  (2292,122)  (2292,158)  (2274,194)  (2238,194)  (2112,194)  (2076,194)  (2076,158)  (2293,36)  (2293,72)  (2075,50)  (2075,14)  (2327,0)  (2041,122)  (2041,86)  (2328,108)  (2328,144)  (2329,36)  (2329,72) 
sz 5  (1170,325)  (1134,360)  (1134,324)  (1205,361)  (1170,289)  (1206,289)  (1206,325)  (1132,288)  (1169,396)  (1133,396)  (1098,360)  (1241,361)  (1236,397)  (1097,397)  (1168,253)  (1204,253)  (1240,253)  (1242,289)  (1242,325)  (1117,252)  (1081,239)  (1276,222)  (1062,361)  (1277,361)  (1061,420)  (1278,258)  (1278,294)  (1045,239)  (1312,222)  (1026,384)  (1026,348)  (1313,330)  (1313,366)  (1025,421)  (1314,258)  (1314,294)  (1009,239)  (990,385)  (989,421)  (973,245)  (954,385)  (953,421)  (937,245)  (918,385) 
Harragh  (370,1214)  (334,1249)  (334,1213)  (406,1204)  (298,1246) 
sz 6  (1507,157)  (1471,192)  (1471,156)  (1542,193)  (1507,121)  (1543,121)  (1543,157)  (1469,120)  (1506,228)  (1470,228)  (1435,192)  (1435,156)  (1578,193)  (1578,229)  (1542,229)  (1434,229)  (1505,85)  (1541,85)  (1577,85)  (1579,121)  (1579,157)  (1433,120)  (1433,84)  (1469,84)  (1613,51)  (1506,264)  (1470,264)  (1399,193)  (1399,157)  (1614,193)  (1614,229)  (1614,265)  (1578,265)  (1542,265)  (1434,265)  (1398,265)  (1398,229)  (1505,49)  (1541,49)  (1577,49)  (1615,87)  (1615,123)  (1397,121)  (1397,85)  (1397,49)  (1433,48)  (1469,48)  (1613,15)  (1649,15)  (1649,51)  (1506,300)  (1470,300) 
Sraya  (1417,913)  (1381,920)  (1439,949)  (1404,877)  (1440,877)  (1453,913)  (1403,956)  (1419,992) 
sz 3  (732,62)  (696,97)  (696,61)  (767,98)  (732,26)  (768,26)  (768,62)  (694,25)  (731,133)  (695,133)  (660,97)  (660,61)  (803,98)  (803,134)  (767,134)  (659,134)  (804,0)  (804,36)  (658,25)  (624,98)  (624,62)  (839,72)  (839,108)  (623,141)  (840,0)  (840,36)  (622,26) 
sz 4  (1122,65)  (1086,100)  (1086,64)  (1157,101)  (1122,29)  (1158,29)  (1158,65)  (1084,28)  (1121,136)  (1085,136)  (1050,100)  (1050,64)  (1193,101)  (1193,137)  (1157,137)  (1049,137)  (1194,0)  (1194,36)  (1048,28)  (1121,172)  (1085,172)  (1014,101)  (1014,65)  (1229,72)  (1229,108)  (1229,144)  (1193,173)  (1157,173)  (1049,173)  (1013,173)  (1013,137)  (1230,0)  (1230,36)  (1012,29)  (1236,180)  (978,101)  (978,65)  (1265,72)  (1265,108)  (1265,144)  (977,179)  (977,143)  (1266,0)  (1266,36)  (976,29)  (1272,180)  (942,107)  (942,71)  (1301,72)  (1301,108)  (1301,144) 
Odessa  (749,244)  (713,270)  (713,234)  (784,280)  (758,208)  (785,244)  (794,199)  (677,250)  (677,214)  (821,235)  (830,183)  (641,231) 
Tesk  (2313,730)  (2277,765)  (2277,729)  (2348,766)  (2313,694)  (2349,709)  (2241,761)  (2385,738) 
Narne  (2163,1520)  (2127,1549)  (2127,1513)  (2198,1556)  (2199,1492)  (2119,1477)  (2091,1531)  (2083,1495) 
sz 1  (63,51)  (27,86)  (27,50)  (98,87)  (63,15)  (99,15)  (99,51)  (25,14)  (62,122)  (26,122)  (135,0)  (135,36)  (69,158)  (33,158)  (171,0)  (171,36)  (69,194)  (33,194)  (207,0)  (207,36)  (87,230)  (51,230)  (15,230)  (243,0)  (243,36)  (111,266)  (75,266)  (39,266)  (3,266)  (279,0)  (279,36)  (121,302)  (85,302)  (49,302)  (13,302)  (148,338)  (112,338)  (76,338)  (40,338)  (4,338) 
sz 2  (446,41)  (410,76)  (410,40)  (481,77)  (446,5)  (482,5)  (482,41)  (408,4)  (374,81)  (374,45)  (517,77)  (518,0)  (518,36)  (372,9)  (338,72)  (553,72)  (553,108)  (554,0)  (554,36)  (336,36)  (336,0) 
Redditon  (1636,1291)  (1600,1326)  (1671,1255)  (1672,1291)  (1564,1334)  (1708,1284) 
Nevra  (2305,1014)  (2269,1049)  (2269,1013)  (2332,1050)  (2305,978)  (2341,981)  (2368,1017)  (2233,1063)  (2377,981) 
Dherka  (1977,611)  (1941,646)  (1941,610)  (1981,647)  (1977,575)  (2013,606) 
Urkel  (1059,1408)  (1023,1442)  (1023,1406)  (1094,1444)  (1059,1372)  (1095,1403)  (1020,1370)  (987,1442)  (987,1406)  (1130,1439)  (984,1370)  (1148,1475)  (1166,1421) 
Feul  (1549,1411)  (1513,1446)  (1513,1410)  (1563,1447)  (1585,1379)  (1527,1482)  (1621,1376) 
Corsilo  (871,1109)  (835,1135)  (835,1099)  (906,1145) 
Jain  (1995,856)  (1959,890)  (1959,854)  (2005,820)  (2031,856)  (2041,811)  (1923,889) 
Inda  (2403,383)  (2367,381)  (2438,419)  (2403,347)  (2439,347)  (2439,383)  (2364,345)  (2424,311)  (2475,405) 
Brenn  (325,1490)  (289,1508)  (289,1472)  (325,1454)  (361,1454)  (361,1490)  (397,1520) 
Krang  (1018,1832)  (982,1867)  (982,1831)  (1047,1868)  (1026,1796)  (1054,1832)  (1062,1788)  (1098,1807) 
Chent  (481,1166)  (517,1151) 
Barat  (2317,854)  (2281,889)  (2281,853)  (2329,890)  (2338,818)  (2353,854)  (2264,817) 
Rakker  (1885,291)  (1849,326)  (1849,290)  (1920,327)  (1885,255)  (1921,255)  (1921,291) 
Derrick  (173,1256)  (137,1291)  (179,1220)  (209,1256)  (215,1218) 
Gherd  (1698,573)  (1662,574)  (1662,538)  (1733,609) 
East Brompton  (1866,1623)  (1830,1656)  (1830,1620)  (1901,1659)  (1866,1587)  (1902,1610)  (1937,1652) 
Brenny  (396,1101)  (360,1118)  (360,1082)  (420,1065)  (432,1101)  (456,1060)  (324,1112) 
Schindel  (2126,1336)  (2090,1332)  (2147,1372)  (2111,1372)  (2126,1300)  (2162,1300)  (2166,1408)  (2130,1408)  (2171,1264)  (2198,1300)  (2193,1444)  (2234,1276) 
Chunnel Stack  (644,1519)  (608,1540)  (608,1504)  (679,1555)  (644,1483)  (680,1483)  (680,1519)  (643,1576)  (638,1447) 
Useer  (1353,454)  (1317,489)  (1317,453)  (1376,490)  (1353,418)  (1389,418)  (1389,454) 
Tainte  (805,1542)  (769,1577)  (769,1541)  (841,1536)  (841,1572)  (877,1557)  (913,1564) 
Charforte  (561,1049)  (525,1084)  (525,1048)  (596,1085)  (561,1013)  (597,1017)  (523,1012) 
Brezdzev  (410,597)  (374,586)  (446,592)  (340,550) 
Philas  (1822,410)  (1786,420)  (1837,446)  (1821,374)  (1858,403) 
Binche  (1834,1468)  (1798,1503)  (1798,1467)  (1843,1504)  (1879,1479)  (1762,1496) 
Fremme  (1086,843)  (1107,879) 
Chauff  (429,855)  (393,890)  (460,891)  (401,819)  (437,819)  (465,855) 
Treltz  (348,141)  (312,176)  (312,140)  (369,177)  (384,132)  (420,139) 
Brenha  (2272,618)  (2236,653)  (2236,617)  (2308,613)  (2200,620)  (2344,613)  (2190,584)  (2372,649)  (2380,610)  (2154,578) 
Tippton  (2514,1973)  (2478,2008)  (2478,1972)  (2549,2009)  (2514,1937)  (2550,1937)  (2550,1973)  (2476,1936)  (2513,2044)  (2477,2044)  (2442,2001)  (2526,1901)  (2586,1936)  (2586,1972)  (2406,2000)  (2370,2003) 
Gordoba  (566,633)  (602,644)  (530,659)  (530,623)  (566,669)  (614,680) 
Townbergville  (1419,1362)  (1383,1380)  (1383,1344)  (1454,1398)  (1419,1326)  (1455,1326)  (1455,1362)  (1418,1416)  (1364,1308)  (1347,1360)  (1459,1434)  (1491,1312) 
Brananaville  (1243,1838)  (1207,1873)  (1207,1837)  (1278,1874)  (1279,1825)  (1205,1801)  (1242,1909)  (1206,1909)  (1314,1861)  (1314,1897)  (1278,1910)  (1169,1803)  (1194,1765) 
Gopnik  (300,356)  (264,373) 
Heldsville  (1715,1382)  (1679,1417)  (1679,1381)  (1745,1418)  (1715,1346) 
Warch  (1702,357)  (1666,388)  (1666,352)  (1738,328)  (1738,364)  (1630,383)  (1774,321) 
Essex  (1906,1969)  (1870,2004)  (1935,2005)  (1889,1933)  (1925,1933)  (1942,1969)  (1961,1914)  (1834,2014) 
Zyanthos  (1637,801)  (1601,836)  (1601,800)  (1672,837)  (1637,765)  (1673,765)  (1673,801) 
Ghren  (1071,594)  (1035,629)  (1035,593)  (1092,630)  (1071,558)  (1107,558)  (1107,594)  (1056,665)  (999,635)  (1143,546)  (1143,582) 
Kent  (1696,1725)  (1660,1726)  (1731,1761)  (1732,1723)  (1647,1690)  (1624,1654)  (1768,1718)  (1768,1754)  (1618,1618)  (1804,1708) 
Everd  (2016,979)  (1980,981)  (1980,945)  (2051,1015)  (1944,964)  (2087,1051) 
Bergen  (2598,1132)  (2562,1167)  (2562,1131)  (2633,1168)  (2598,1096)  (2634,1096)  (2634,1132)  (2560,1095)  (2597,1203)  (2596,1060)  (2632,1060)  (2559,1059) 
Pickleton  (546,1409)  (564,1445)  (514,1373)  (550,1373)  (547,1481) 
Spergbert  (258,1960)  (222,1995)  (222,1959)  (278,1996)  (258,1924)  (294,1924)  (294,1960)  (242,2031)  (259,1888)  (295,1888)  (330,1925) 
Poliso  (628,1177)  (592,1204)  (592,1168)  (663,1213)  (699,1198) 
Brandge  (770,1004)  (734,1039)  (734,1003)  (782,1040)  (806,981)  (818,1017)  (698,1049) 
Gothia  (2088,1167)  (2052,1202)  (2123,1203)  (2066,1131)  (2102,1131)  (2124,1167)  (2138,1117)  (2087,1238)  (2051,1238)  (2015,1239)  (2160,1153)  (2151,1081) 
Spiegel  (216,1021)  (180,1056)  (223,1057)  (198,985)  (234,985) 
sz 14  (2425,1559)  (2389,1594)  (2389,1558)  (2460,1595)  (2425,1523)  (2461,1523)  (2461,1559)  (2387,1522)  (2424,1630)  (2388,1630)  (2353,1594)  (2353,1558)  (2496,1595)  (2496,1631)  (2460,1631)  (2352,1631)  (2423,1487)  (2459,1487)  (2495,1487)  (2497,1523)  (2497,1559)  (2351,1522)  (2351,1486)  (2387,1486)  (2531,1453)  (2424,1666)  (2388,1666)  (2317,1595)  (2317,1559)  (2532,1595)  (2532,1631)  (2532,1667)  (2496,1667)  (2460,1667)  (2352,1667)  (2316,1643)  (2423,1451)  (2459,1451)  (2495,1451)  (2533,1489)  (2533,1525)  (2315,1523)  (2315,1487)  (2315,1451)  (2351,1450)  (2387,1450)  (2567,1444)  (2281,1595)  (2281,1559)  (2568,1561)  (2568,1597)  (2568,1633)  (2568,1669) 
sz 15  (2698,1394)  (2662,1429)  (2662,1393)  (2733,1430)  (2698,1358)  (2734,1358)  (2734,1394)  (2660,1357)  (2697,1465)  (2661,1465)  (2626,1429)  (2626,1393)  (2764,1466)  (2625,1466)  (2696,1322)  (2732,1322)  (2624,1357)  (2624,1321)  (2660,1321)  (2728,1501)  (2692,1501)  (2764,1502)  (2656,1502)  (2620,1502)  (2696,1286)  (2732,1286)  (2618,1285)  (2654,1285)  (2728,1537)  (2692,1537)  (2764,1538)  (2656,1538)  (2620,1538)  (2690,1250)  (2726,1250)  (2762,1250)  (2642,1249)  (2728,1573)  (2692,1573)  (2764,1574)  (2656,1574)  (2620,1574)  (2678,1214)  (2714,1214)  (2750,1214)  (2728,1609)  (2692,1609)  (2764,1610)  (2656,1610)  (2620,1610)  (2703,1178)  (2739,1178) 
sz 16  (2424,1793)  (2388,1828)  (2388,1792)  (2459,1829)  (2424,1757)  (2460,1757)  (2460,1793)  (2386,1756)  (2423,1864)  (2352,1832)  (2352,1796)  (2495,1829)  (2481,1865)  (2422,1721)  (2458,1721)  (2494,1721)  (2496,1757)  (2496,1793)  (2350,1760)  (2350,1724)  (2386,1720) 
sz 17  (2708,1951)  (2672,1986)  (2672,1950)  (2743,1987)  (2708,1915)  (2744,1915)  (2744,1951)  (2670,1914)  (2707,2022)  (2671,2022)  (2764,2023)  (2635,2023)  (2706,1879)  (2742,1879)  (2634,1914)  (2634,1878)  (2670,1878)  (2728,2058)  (2692,2058)  (2764,2059)  (2656,2059)  (2620,2059)  (2706,1843)  (2742,1843)  (2598,1874)  (2634,1842)  (2670,1842)  (2594,1838)  (2584,2074)  (2728,2094)  (2692,2094)  (2764,2095)  (2656,2095)  (2620,2095)  (2706,1807)  (2742,1807)  (2630,1806)  (2666,1806)  (2558,1847)  (2558,1811)  (2594,1802)  (2584,2110)  (2549,1775)  (2728,2130)  (2692,2130)  (2764,2131)  (2656,2131)  (2620,2131)  (2702,1771)  (2738,1771)  (2630,1770)  (2666,1770) 
Bummstead  (1039,1534)  (1003,1569)  (1003,1533)  (1074,1570)  (1039,1498)  (1075,1498)  (1075,1534)  (1001,1497)  (1110,1570)  (1111,1517)  (1146,1553) 
sz 10  (2632,489)  (2596,524)  (2596,488)  (2667,525)  (2632,453)  (2668,453)  (2668,489)  (2594,452)  (2631,560)  (2595,560)  (2560,524)  (2560,488)  (2703,525)  (2703,561)  (2667,561)  (2559,561)  (2630,417)  (2666,417)  (2702,417)  (2704,453)  (2704,489)  (2558,452)  (2558,416)  (2594,416)  (2738,383)  (2631,596)  (2595,596)  (2524,525)  (2524,489)  (2739,525)  (2739,561)  (2739,597)  (2703,597)  (2667,597)  (2559,597)  (2523,597)  (2523,561)  (2630,381)  (2666,381)  (2702,381)  (2740,419)  (2740,455)  (2522,453)  (2569,380)  (2738,347)  (2631,632)  (2595,632)  (2488,525)  (2488,489)  (2764,633)  (2728,633)  (2692,633)  (2487,621)  (2487,585) 
sz 11  (2247,497)  (2211,525)  (2211,489)  (2282,533)  (2247,461)  (2283,461)  (2283,497)  (2207,453)  (2175,511)  (2318,533)  (2318,569)  (2290,425)  (2319,461)  (2319,497)  (2171,475)  (2326,421)  (2139,513)  (2354,533)  (2355,457)  (2355,493)  (2118,626)  (2107,590)  (2107,554)  (2103,518)  (2390,529)  (2390,565)  (2391,465)  (2155,658)  (2119,662)  (2071,579)  (2067,543)  (2191,689)  (2155,694)  (2119,698)  (2042,701)  (2083,713)  (2162,730)  (2126,734)  (2047,737)  (2090,749) 
Yom  (2154,959)  (2118,994)  (2118,958)  (2188,995)  (2190,942)  (2116,922)  (2226,927)  (2226,963)  (2080,951)  (2080,915) 
sz 9  (2657,57)  (2621,92)  (2621,56)  (2692,93)  (2657,21)  (2693,21)  (2693,57)  (2619,20)  (2656,128)  (2585,99)  (2585,63)  (2728,93)  (2728,129)  (2692,129)  (2729,0)  (2729,36)  (2583,27)  (2656,164)  (2549,93)  (2764,72)  (2764,108)  (2764,144)  (2728,165)  (2692,165)  (2547,57)  (2547,21)  (2764,180)  (2620,193)  (2656,200)  (2513,93)  (2728,201)  (2692,201)  (2511,57)  (2511,21)  (2764,216)  (2620,229)  (2656,236)  (2477,97)  (2728,237)  (2692,237)  (2475,61)  (2475,25)  (2764,252)  (2441,107)  (2439,71)  (2439,35)  (2405,123)  (2403,87)  (2403,51)  (2403,15) 
sz 12  (2678,828)  (2642,863)  (2642,827)  (2713,864)  (2678,792)  (2714,792)  (2714,828)  (2640,791)  (2677,899)  (2606,868)  (2606,832)  (2749,864)  (2749,900)  (2713,900)  (2676,756)  (2712,756)  (2748,756)  (2750,792)  (2750,828)  (2604,796)  (2604,760)  (2640,755)  (2677,935)  (2570,861)  (2764,936)  (2728,936)  (2568,825)  (2692,971)  (2764,972)  (2728,972)  (2532,860)  (2532,824)  (2692,1007)  (2764,1008)  (2728,1008)  (2497,788)  (2496,863)  (2496,827)  (2692,1043)  (2764,1044)  (2728,1044)  (2461,791)  (2460,881)  (2460,845)  (2425,809)  (2424,914)  (2388,923) 
sz 13  (2429,1296)  (2393,1331)  (2393,1295)  (2464,1332)  (2429,1260)  (2465,1260)  (2465,1296)  (2391,1259)  (2428,1367)  (2392,1367)  (2357,1331)  (2357,1295)  (2500,1332)  (2500,1368)  (2464,1368)  (2356,1368)  (2427,1224)  (2463,1224)  (2499,1224)  (2501,1260)  (2501,1296)  (2536,1332)  (2536,1368)  (2320,1402)  (2320,1366)  (2466,1188)  (2537,1242)  (2537,1278)  (2572,1314)  (2572,1350)  (2572,1386)  (2284,1402)  (2284,1366)  (2573,1262)  (2248,1402)  (2248,1366)  (2212,1371) 
Manchester  (2106,1850)  (2070,1885)  (2070,1849)  (2141,1886)  (2106,1814)  (2142,1814)  (2142,1850)  (2068,1813)  (2105,1921)  (2034,1904)  (2034,1868)  (2131,1778)  (2178,1810)  (2178,1846)  (1998,1861)  (2214,1814)  (2214,1850) 
Kharak  (1840,531)  (1804,566)  (1804,530)  (1875,567)  (1857,495)  (1876,531)  (1768,538)  (1912,516) 
Trenton  (764,1417)  (799,1453)  (763,1453)  (740,1381)  (776,1381)  (800,1417) 
Glornigh  (2066,1684)  (2030,1719)  (2030,1683)  (2101,1720)  (2066,1648)  (2102,1648)  (2102,1684)  (2054,1755)  (2018,1755)  (1994,1719)  (2066,1612)  (2102,1612)  (1982,1767) 